[L0]
r = 0.0078431372549
g = 0.0745098039216
b = 0.980392156863
w = 0.78431372549

[GANTRY]
home-offset-2-0 = 0.0
home-offset-2-1 = 0.4

[E0]
jog-velocity = 1.2
retract-len = 0.6
retract-vel = 25.0
filament-dia = 1.75
extrude-scale = 1.0

[E1]
jog-velocity = 1.2
retract-len = 0.5
retract-vel = 25.0
filament-dia = 1.75
extrude-scale = 1.0

